36,1207.5,675.5,48,48
37,1211.5,675.5,48,50
38,1213.5,675.5,52,48
39,1219.5,673.5,50,50
40,1223.5,671.5,54,52
41,1229.5,671.5,54,54
42,1233.5,669.5,58,56
43,1239.5,669.5,58,56
44,1245.5,665.5,58,60
45,1251.5,667.5,58,58
46,1257.5,665.5,60,58
47,1263.5,663.5,62,62
48,1271.5,663.5,62,60
49,1277.5,657.5,66,68
50,1285.5,659.5,68,64
51,1295.5,655.5,68,70
52,1303.5,655.5,70,68
53,1313.5,651.5,72,72
54,1323.5,649.5,74,74
55,1333.5,647.5,76,76
56,1343.5,647.5,82,78
57,1357.5,643.5,82,82
58,1369.5,643.5,86,84
59,1383.5,639.5,88,88
60,1395.5,635.5,96,92
61,1409.5,631.5,100,94
62,1427.5,625.5,106,102
63,1445.5,623.5,110,106
64,1467.5,615.5,112,112
65,1489.5,613.5,120,114
66,1515.5,607.5,124,118
67,1543.5,601.5,130,126
68,1575.5,593.5,134,130
69,1611.5,585.5,140,140
70,1639.5,579.5,156,144
71,1683.5,569.5,166,156
72,1731.5,557.5,178,170
73,1783.5,545.5,158,184
74,1839.5,537.5,120,186
509,1187.8,689.47,49.738,48.991
510,1192.3,689.03,49.738,48.991
511,1197.4,688.91,51.762,50.984
512,1201.9,688.8,51.762,50.984
513,1205.9,687.29,53.279,52.478
514,1210.8,686.51,54.709,53.887
515,1215.3,685.75,56.886,56.031
516,1220.6,684.45,58.931,58.045
517,1226.7,684.45,58.931,58.045
518,1233,684.57,58.931,58.045
519,1239.6,684.44,60.209,59.304
520,1245.1,682.22,63.478,62.524
521,1251.5,681.42,65.427,64.443
522,1258.4,681.11,66.991,65.984
523,1265.7,680.54,68.843,67.808
524,1273.9,678.77,71.295,70.223
525,1282.7,677.89,71.295,70.223
526,1291.7,676.44,75.334,74.202
527,1301.4,675.69,76.651,75.499
528,1311.5,673.42,78.915,77.729
529,1321.3,671.56,83.167,81.917
530,1333.2,671.21,83.864,81.917
531,1346.1,668.71,88.301,86.252
532,1358.8,665.76,92.445,90.3
533,1373.3,664.26,95.27,93.058
534,1388.9,660.82,99.424,97.116
535,1406.2,659.25,102.57,100.19
536,1423.2,655.19,109.16,106.63
537,1443.2,650.72,116.04,113.35
538,1464.8,648.89,120.51,117.71
539,1488.7,644.3,128.47,124
540,1517,639.98,136.83,131.08
541,1546.9,636.93,142.47,136.49
542,1580.1,632.43,150.47,144.15
543,1616.2,624.81,163.65,156.78
544,1658.4,615.8,177.91,170.45
545,1706.2,608.49,192.08,184.02
546,1765.3,606.24,154.94,184.02
547,1830,606.24,90.228,184.02